TransectName	Samples	Transect	Time	R	ROCK    	LITTER  	ML     	BARESOIL	FallPrec	SprPrec 	SumPrec 	WinPrec 	FallTmax	SprTmax 	SumTmax 	WinTmax 	FallTmin	SprTmin 	SumTmin 	WinTmin 	PCTSAND	PCTSILT	PCTOrgC
A_22_58 	1	1	1958	8	27	30	0	26	30.21999931	75.43000031	125.4700012	39.61999893	16.95999908	15.77000046	25.17000008	3.470000029	0.49000001	0.360000014	6.96999979	-8.539999962	24	30	0.03459
A_22_62 	2	1	1962	6	26	20	0	28	99.55999756	56.13000107	94.98999786	107.4400024	14.56000042	15.21000004	24.85000038	1.159999967	-0.180000007	0.180000007	6.400000095	-10.76000023	24	30	0.03459
A_22_67 	3	1	1967	8	30	24	0	30	43.43000031	65.01999664	112.2600021	76.69999695	18.44000053	12.76000023	25.51000023	3.089999914	1.230000019	-1.860000014	7.119999886	-8.5	24	30	0.03459
A_22_74 	4	1	1974	8	18	35	0	16	54.86000061	58.66999817	70.34999847	90.66999817	17.15999985	14	26.67000008	2.460000038	1.429999948	-0.529999971	7.199999809	-8.279999733	24	30	0.03459
A_22_81 	5	1	1981	10	23	22	4	9	24.37999916	87.62999725	81.77999878	45.97000122	18.48999977	14.32999992	26.02000046	5.71999979	1.090000033	0.75	6.900000095	-7.559999943	24	30	0.03459
A_22_94 	6	1	1994	7	26	26	0	23	10.15999985	57.15000153	95.25	60.70000076	17.38999939	16.90999985	26.78000069	3.640000105	0.280000001	0.639999986	6.940000057	-9.210000038	24	30	0.03459
A_22_02 	7	1	2002	6	39	19	4	19	34.29000092	31.48999977	62.99000168	43.68000031	19.29000092	13.85999966	26.27000046	2.539999962	1.860000014	-1.370000005	6.960000038	-9.609999657	24	30	0.03459
C_22_58 	8	2	1958	5	25	26	0	33	30.21999931	75.43000031	125.4700012	39.61999893	16.97999954	15.78999996	25.19000053	3.49000001	0.50999999	0.379999995	6.989999771	-8.520000458	20	34	0.0616
C_22_62 	9	2	1962	8	24	24	2	29	99.55999756	56.13000107	94.98999786	107.4400024	14.57999992	15.22999954	24.87000084	1.179999948	-0.159999996	0.189999998	6.409999847	-10.73999977	20	34	0.0616
C_22_67 	10	2	1967	6	21	16	1	41	43.43000031	65.01999664	112.2600021	76.69999695	18.45999908	12.77999973	25.53000069	3.109999895	1.25	-1.850000024	7.139999866	-8.479999542	20	34	0.0616
C_22_74 	11	2	1974	6	18	25	0	33	54.86000061	58.66999817	70.34999847	90.66999817	17.18000031	14.01000023	26.68000031	2.470000029	1.450000048	-0.519999981	7.21999979	-8.270000458	20	34	0.0616
C_22_81 	12	2	1981	6	19	28	0	14	24.37999916	87.62999725	81.77999878	45.97000122	18.51000023	14.35000038	26.04000092	5.739999771	1.110000014	0.75999999	6.920000076	-7.539999962	20	34	0.0616
C_22_94 	13	2	1994	6	10.5	41.5	0	29	10.15999985	57.15000153	95.25	60.70000076	17.40999985	16.92000008	26.79999924	3.650000095	0.300000012	0.649999976	6.960000038	-9.18999958	20	34	0.0616
C_22_02 	14	2	2002	6	26	18	2	42	34.29000092	31.48999977	62.99000168	43.68000031	19.30999947	13.88000011	26.29000092	2.559999943	1.879999995	-1.350000024	6.980000019	-9.590000153	20	34	0.0616
D_12_58 	15	3	1958	7	56	17	0	16	33.77999878	107.9499969	181.6100006	105.1500015	13	11.78999996	21.12000084	-0.319999993	-3.279999971	-3.430000067	3.109999895	-12.22999954	14	46	0.0363
D_12_62 	16	3	1962	10	45	7	0	23	143.5099945	73.40000153	125.7300034	173.4799957	10.64999962	11.25	20.80999947	-2.579999924	-3.910000086	-3.579999924	2.549999952	-14.38000011	14	46	0.0363
D_12_67 	17	3	1967	8	28	14	0	37	56.38000107	83.05000305	121.1500015	117.5999985	14.42000008	8.909999847	21.42000008	-0.720000029	-2.549999952	-5.590000153	3.25	-12.19999981	14	46	0.0363
D_12_74 	18	3	1974	18	27	15	0	7	68.31999969	65.77999878	88.63999939	116.8399963	13.22999954	10.09000015	22.59000015	-1.289999962	-2.309999943	-4.300000191	3.319999933	-11.92000008	14	46	0.0363
D_12_81 	19	3	1981	12	10	37	0	0	57.40000153	87.12000275	133.0899963	67.05000305	14.56999969	10.42000008	21.95999908	1.899999976	-2.690000057	-3.029999971	3.059999943	-11.27000046	14	46	0.0363
D_12_89 	20	3	1989	11	17	17	0	33	17.52000046	101.3399963	120.1399994	128.0099945	15.93000031	11	22.05999947	-2.769999981	-2.25	-4.110000134	3.809999943	-14.47999954	14	46	0.0363
D_12_94 	21	3	1994	7	26.5	14	0	17.5	21.07999992	60.45000076	125.2200012	88.38999939	13.46000004	12.96000004	22.72999954	-0.159999996	-3.470000029	-3.140000105	3.099999905	-12.93000031	14	46	0.0363
D_12_02 	22	3	2002	10	36	19	1	4	29.20999908	36.06000137	72.38999939	79.75	15.27000046	9.880000114	22.20999908	-1.25999999	-1.950000048	-5.090000153	3.109999895	-13.27000046	14	46	0.0363
F_11_58 	23	4	1958	8	53	10	0	20	33.77999878	107.9499969	181.6100006	105.1500015	13.14000034	11.92000008	21.26000023	-0.200000003	-3.160000086	-3.299999952	3.24000001	-12.10999966	20	42	0.04974
F_11_62 	24	4	1962	9	59	5	3	13	143.5099945	73.40000153	125.7300034	173.4799957	10.77999973	11.38000011	20.95000076	-2.460000038	-3.779999971	-3.450000048	2.680000067	-14.26000023	20	42	0.04974
F_11_67 	25	4	1967	6	45	9	1	30	56.38000107	83.05000305	121.1500015	117.5999985	14.55000019	9.039999962	21.55999947	-0.589999974	-2.420000076	-5.460000038	3.380000114	-12.07999992	20	42	0.04974
F_11_74 	26	4	1974	12	41	12	0	7	68.31999969	65.77999878	88.63999939	116.8399963	13.35999966	10.22000027	22.71999931	-1.159999967	-2.190000057	-4.179999828	3.440000057	-11.80000019	20	42	0.04974
F_11_81 	27	4	1981	13	35	24	0	3	57.40000153	87.12000275	133.0899963	67.05000305	14.69999981	10.55000019	22.10000038	2.019999981	-2.559999943	-2.900000095	3.190000057	-11.14999962	20	42	0.04974
F_11_89 	28	4	1989	10	44	10	0	12	17.52000046	101.3399963	120.1399994	128.0099945	16.05999947	11.14000034	22.20000076	-2.640000105	-2.130000114	-3.980000019	3.930000067	-14.35999966	20	42	0.04974
F_11_94 	29	4	1994	8	53.5	18	0	7.5	21.07999992	60.45000076	125.2200012	88.38999939	13.59000015	13.09000015	22.86000061	-0.039999999	-3.349999905	-3.019999981	3.230000019	-12.81000042	20	42	0.04974
F_11_02 	30	4	2002	8	59	9	5	5	29.20999908	36.06000137	72.38999939	79.75	15.39999962	10.01000023	22.35000038	-1.129999995	-1.830000043	-4.960000038	3.24000001	-13.14999962	20	42	0.04974
G_12_58 	31	5	1958	13	15	23	0	20	41.13999939	101.8499985	134.8699951	89.66000366	13.21000004	11.86999989	21.37999916	-0.170000002	-3.25	-3.420000076	3.24000001	-12.32999992	20	35	0.05784
G_12_62 	32	5	1962	16	20	21	0	19	153.4100037	118.6100006	161.7899933	213.8600006	10.92000008	11.43999958	21.09000015	-2.380000114	-3.75999999	-3.49000001	2.710000038	-14.35000038	20	35	0.05784
